3.685438067883643
4.481689250298626
19.680079608800614
4.807356903703982
4.411841260497915
4.9955938255336685
6.11437808986126
5.215339552298706
6.724282822425154
4.674012489147407
5.235222135369243
6.0873859404378345
5.141208241689129
4.213034867883292
20.277580272516463
5.003008420096909
5.235841281763255
5.4216672522744
7.282836559186928
5.669827042020166
5.956039846333185
5.250300712760249
18.598917566947417
5.129283016944966
5.134958561508516
4.964744692383256
9.971593795986816
5.670313790065424
19.563900075897095
5.58469224032369
5.031856964831792
4.830316955978992
2.2478705780652435
5.2801107605309
5.369189860804729
5.357552004618084
5.203828403076989
5.248901611445623
4.0435896634828055
5.515629878564875
0.7885304080013671
4.902883728247884
3.738025555248658
5.563069506809019
4.943781867496263
5.201406929932761
5.921156381007806
5.096629975097375
18.037359269607244
4.788912466749382
4.044346761326775
4.748196623841472
1.9387980404938414
24.26549565568706
17.908333976962226
5.101476512990753
1.0
5.129283016944966
0.9156609443374895
5.044394119358453
6.793740188773305
4.792277588993192
8.083729680224017
4.539012851037515
6.065960001021176
4.857980995127573
12.290306895964514
15.085125278580913
2.321928094887362
22.55918287770087
13.288721912488938
4.585155039262766
2.584962500721156
4.857980995127573
2.321928094887362
4.700439718141093
1.0
4.754887502163469
1.0
4.700439718141093
2.0
5.044394119358453
0.9993340981734868
5.129283016944966
1.5849625007211563
5.129283016944966
2.0
5.08746284125034
1.5849625007211563
3.98809656308533
4.029760837365164
5.439074841205119
11.974056022626426
4.348771299876025
3.8887620808357184
5.5066212979147915
4.445156380750032
4.571038752721153
5.42620138615046
4.586348484555168
5.610130248455767
7.427689078822497
18.931643587508955
4.7369781171584435
4.06611126081804
19.267362786357186
4.87528036517237
4.54497342518272
4.141868738548614
4.9069026172657475
4.567696510719626
4.997902632923462
4.163111704299487
4.832894232424518
5.236494276595237
4.67833582721355
5.770369231962355
6.249443634568866
4.805849353082095
6.615567056073194
5.44554101230554
5.184687767307121
7.37239534331129
4.786599916281383
5.511751048077321
5.084019525940253
5.470952751031413
4.162067984699953
5.507791865851847
5.781323647951915
5.555144604634362
5.114206791198351
5.2612971808403755
4.044728186115013
5.486870958332827
15.489408965260992
5.3617820264323015
4.241487420999514
5.1395511696899066
4.358089165252459
4.676357867281622
2.3093159535905157
5.412267317967328
4.624782105412668
4.295005606179084
3.95540935133595
5.055876248563992
0.35696852211704605
4.428966714785447
18.010276766272405
4.350782270836565
2.3784949775087427
5.934240310516419
3.4330555741232858
5.063698402999642
2.0
5.169925001442312
5.32166366469976
5.018255979043548
15.550897058324203
6.840134152897912
3.834252767864145
5.14372997006619
2.0704003193720824
5.651244237240517
0.00048065802238875276
4.484351156595152
1.080969427640312
5.880389543513064
1.0
5.250956906169584
9.971543553984752
5.247927513443585
4.122056823264106
5.20945336562895
4.1429057843123145
5.838603187911099
15.323512217006822
3.9389831939476627
7.250670172378892
4.495160201563168
1.6595842869876969
5.8345290898518565
4.470976329387364
4.321934918336642
5.073541624859976
4.954196310386876
4.681830284872897
17.65948031325031
4.651054639060904
5.599469567044335
5.272119671420546
4.383702402774141
5.540493587403639
4.0475989558160625
4.721089217854683
4.685766867998154
4.884848552131975
4.584990408733563
5.278566037417469
5.032899804520305
5.140480209563603
4.957782202157631
5.199242605966554
6.029081876587387
4.58089365378246
5.085414408908731
4.883025579682369
6.487528441684085
4.904658895966093
7.2935968177352715
5.05166383153805
5.1292887023334375
4.634576174536628
5.326336938563626
5.535036407156647
5.32192397301341
21.643965373981544
5.070389818589892
5.662949194929285
5.1394482925999485
5.322575218760444
4.877772381988236
5.841285079755572
5.896004711157654
5.169925001442312
6.374260093637713
4.520840478845842
5.019409204711094
-0.0
7.981711257540149
5.69045373055074
4.584962500721157
17.185165804809106
4.339853898924775
5.6628679968889974
3.723407437275098
6.54047527253842
6.136037932884848
4.516586225003172
4.722471645189319
16.580965135980694
5.014949349988745
4.804083940563624
4.706377208394061
5.451189816522963
4.383445946925291
5.369234917673238
4.954196310386876
5.094084078920075
5.836452321801175
5.112899287352092
4.1801843295467425
5.039064679476485
4.409421344298628
5.259669494320246
4.958842582467276
4.682877379182766
6.155427513259362
5.357552004618084
7.64355326773872
19.715725761231813
4.915612869152238
5.162119598953511
4.236854579521203
4.898148508344292
6.794323709447624
4.525171504359197
0.00013113621250640493
5.280113475515994
4.92934692082697
6.145588626294364
5.275708753990021
5.7664517808340365
5.992901969747894
4.703926006914098
20.00751050500313
5.392322215666116
5.364430121072782
6.750779682082919
5.4262647547021
5.244186042309263
17.12599859906986
5.614709844115209
1.5849625007211563
5.28540221886225
5.08939020227263
4.170153949778227
5.119354915353997
6.078903538510215
-0.0
6.891700942604525
17.652515904675678
5.247927513443587
2.321928094887362
5.247927513443587
4.865506235363211
1.8395654751048194
4.809746233273972
6.041912339813467
5.321928094887363
4.275290315914703
5.006811896118677
4.523561956057013
4.601700937164644
18.35384894129857
5.072077256220323
3.917545648383218
4.189234562143317
3.3582686753423143
18.934497151248834
4.321928094887363
4.149748389402784
16.811475044466842
4.247927513443586
4.517831390817702
3.5413890368709935
3.514604086509026
3.251565730759299
7.154188056512719
4.0
4.32643388776813
5.003699364383964
4.028964930003055
3.039086083589983
3.5204934039269498
3.7885010718146543
6.419817761974467
5.98840925409908
15.35820475339957
3.9385785479543993
4.712701293980578
3.16994845913541
4.787353640361896
3.751971045339403
4.94471045105049
3.4458709853252465
8.243500607100217e-05
3.7283295129340592
19.62402433538378
3.183073422230314
2.6903062654735566
3.233214239439195
1.0
4.793164156288842
3.225720963706481
1.6893190109394796
3.6976627029627602
2.134658220965807
2.8328991099330745
15.965896990843742
3.4594316186372978
3.5072150010740484
3.5849625007211565
4.169925001442313
2.9447891267668145
3.8203614654969895
16.441825673867964
4.321928094887363
19.86214090993551
4.1699339059503835
22.387063872339503
3.7593782694771125
3.4548913059597
1.9750831350959908
22.306473945511478
3.831091210458355
4.237595011977326
13.829668291092917
5.007464222213649
4.256342238428377
4.89014797947189
4.973936412122644
5.638272370298144
18.645362906316624
4.6566284284457735
12.558181519863373
4.801700907759795
17.666445938818192
4.922159053947772
15.521447083889486
3.866320397587193
6.523434276694053
4.86999663026962
4.630095438523115
4.763307908772927
4.678297729599403
5.86343957564264
5.20945336562895
4.8615476584025785
4.663475946541209
8.701520793531419
4.251745503247014
4.832899367789086
5.543371551653595
5.204723033285451
4.51370395182783
4.9951264688950685
4.819718095536226
4.115602976968037
8.093570576795388
20.350613354299792
5.632963857534263
5.307424778034596
5.013810423362347
5.944116939058397
20.71148801685896
5.317214599529884
5.00608553681845
4.417649299710145
5.070876795932078
4.977301390674696
5.029153871790777
4.938627083008556
4.674798315313413
9.828352101210752
4.681525744152497
7.243919272343595
5.367537601125806
4.036603159809296
4.769054915307676
19.915676637315684
4.700439718141093
6.295386516149191
4.11679153095611
6.9238293087426594
4.8547727931968865
5.405142349711127
4.5526446148875435
16.233226446870624
5.050842430377255
2.0
5.210219544322707
5.727403686135978
5.064440290832932
15.823839900051244
5.045004819651993
6.193613306435757
4.970419464602962
5.299068391528476
4.971490534147265
1.6140124041943977
5.392317422778761
5.000000006772452
5.426264754702098
1.0
5.643856189774724
2.321928094887362
5.554588851677638
3.947669285413927
5.584962500721157
10.987264012072695
5.459431618637297
2.0
5.554588851677638
-0.0
5.378137620921573
1.51497676616821
22.780375361853505
2.584962500721156
5.643856189774724
1.0298638780738056
5.512707877018169
4.435637074024352
4.545112576759643
4.0
5.684702278405815
3.0680673346309146
5.202328454488376
20.829203213162266
5.663840294187278
5.3376663612368995
4.087472269551293
22.892081947218124
13.94960785564309
1.5849625007211563
3.9068905956085187
24.275616223259743
3.8073549220576046
12.290018846932139
4.169925001442313
2.584962500721156
5.129283016944966
3.0
4.857980995127573
2.584962500721156
4.857980995127573
1.0
4.857980995127573
2.321928094887362
4.906890595608519
2.0
5.169925001442312
1.5849625007211563
5.129283016944966
-0.0
5.614709844115209
1.5849625007211563
5.523561956057013
4.707345039286448
4.3692329478564265
5.828093931483729
6.042127972891973
4.674853583042281
4.924826232033386
5.063008476470251
5.08746284125034
4.946906502839414
4.405604114103548
4.906938668617667
9.576052944398304
5.174935041346144
5.169978415798042
1.0
4.999932405882767
5.033421624976745
6.297525700568133
6.300606292589541
5.20945336562895
3.440706362564258
5.643423748834015
4.700439718141093
5.392314300342699
4.582117379769671
5.357547313232024
4.258168210205266
5.964462243864182
7.503207900580725
18.39635391986275
4.550503759050663
4.533186779157499
4.90689059560852
5.875582247626657
4.623649772321074
3.8724375744238366
4.4817987380838735
4.27009226797742
4.01071139470176
5.942277028293061
4.475432142819226
4.198502451137151
4.211090867994463
18.887690662092645
4.617986986250072
20.244267428603628
15.05341684475702
4.559924568677352
5.321863178641521
4.8541379186413245
4.530517799205946
4.459431618637298
4.643856189774726
4.523561956057014
4.598774641505018
3.9654907327787705
4.496433217495336
4.712711255931339
7.575229669365846
4.593125194382848
4.37574076498134
3.50905463718971
4.459431618637297
2.7001623887846145
10.979425195332267
4.459431618637297
3.642531016798898
14.60987128717194
4.004628032670316
4.725802133098978
8.17856660861999
19.402537462453132
2.0
3.9399739670064755
1.9400851128322802
4.607574433067571
2.321928094887362
4.142988195343936
2.373504409591046
3.692224965450727
5.464716391574212
4.767155173548588
0.7300884670583915
4.109341559745264
4.392317422778761
3.1699250014423126
4.584962500721157
3.0
4.754887502163469
3.0
4.643856189774724
2.584962500721156
4.643856189774724
2.321928094887362
4.700439718141093
2.0
4.700439718141093
2.0
2.321928094887362
1.5849625007211563
4.754887502163469
2.0
5.0
3.9504294229191665
4.247929411677829
5.004088482096299
4.592657695955245
5.050110294613605
5.866042885376775
6.069118833796494
4.906890595608518
5.02027704776491
4.47450285969329
7.232283773839044
6.116236418406202
5.394589443395564
4.857980995127573
6.307703600045322
4.347506158363383
3.392077073750157
5.648979800502224
6.054822887750241
4.545539303112417
5.663240512550708
4.4881001511548835
4.808065640660195
4.466709860575759
5.72108423271416
7.630377390478189
2.2865417658947793
4.894179879829366
5.143555488127521
5.45530684105844
5.837072474361701
6.894557149931393
6.113297825000138
4.107325437806208
7.102031581166521
4.321928094887363
2.11556967949743
12.554588851711662
5.703113119911617
4.08746284125034
5.169925001442312
18.130766611581354
5.753383252284979
3.554627219650609
5.129288168774077
15.251889183836797
4.700439718141093
4.339865585521281
4.420047147132114
2.8137552128247934
5.918487798488167
3.8901757228070037
14.138191790498754
3.9790618182950306
5.663374792437194
4.252995789932196
5.431406758418033
4.923437482063275
5.443647697655222
4.111155806539685
5.49180500912832
3.316418913231272
11.975131456955236
4.6899776682720935
7.260109456515951
4.527257935289954
5.013802012322493
4.219209062898717
19.321203659692706
4.962484426564775
4.843697794417333
4.066109569170927
4.619505032033174
5.173906552329528
4.988993202267189
4.412619878763335
5.727878579236375
7.535132965004927
5.62475736919218
5.186999626100691
5.115741824431837
7.318214159880683
5.158192751073914
5.3091838367959365
1.8541916312957327
6.191197332181422
5.590957782672015
5.051665623793019
15.580611895028438
6.016609368519226
4.615997375987001
5.655161509602005
21.162407310742108
5.058898497914526
1.8566506644980763
5.803032056681257
5.257589051347538
6.599813695497945
4.721975560164492
4.385860446377769
4.356157222450143
5.93710622789485
5.169884931747783
5.129283016944966
3.9608672172569737
5.169925001442312
5.06301332008309
5.88257886825362
4.887033303459427
5.013650028640987
20.146986245920036
5.293467948809841
4.410734380497477
16.135829505675176
20.305681040788205
1.2955918764065313
19.15569777405018
5.457993972353852
5.152910283246968
7.899660233457157
5.523561956057013
5.171929255172961
7.92380215321634
8.668229392579564
3.29662301409239
5.357552004618084
5.985262836503293
4.971750650547983
5.219449278113882
4.897250494954617
19.172891363975236
5.342718083839943
5.103475385329542
5.1752635917093155
5.614699137943208
4.917020051384295
5.0236095646986225
4.674247232538837
6.169912733825541
4.8638334172903415
5.171142483610008
5.103509235523164
5.394509716920749
4.690222298922348
5.938334878072762
15.323441848463181
24.33620191009407
1.5849625007211563
4.713001977422214
1.0
5.426264754702098
-0.0
5.20945336562895
20.291121224603
16.053331987864794
11.977637690439714
4.857980995127573
17.631262332281445
4.321928094887363
18.79876920985558
4.367993120392458
5.265446990574884
4.601506518694191
5.824398531927507
4.611868287603543
4.954196310386876
18.710715643698194
5.135455708490941
5.144185623355522
7.038673552191914
4.906890595608519
5.287349705078725
6.783301355263523
5.031389144738368
4.856153966666045
2.000060101024437
6.139249631243423
4.752585818457502
5.305975538844652
4.7673171525091345
17.175627515180697
19.915666426514782
19.843890389762073
4.392400835550954
8.477994907727059
5.473769459622413
18.95170020412264
5.2991972843446815
5.523538847556622
5.36193815550163
4.562829911139915
7.285312825772357
5.559273946605426
4.551396526322029
4.399082398521608
5.285402218862249
17.358273446631472
4.321928094887363
5.618825365493722
4.622058227191398
5.0
6.218061819839066
4.753448460953986
17.223454981008825
5.108522611952679
5.493948151413868
4.399420747224589
4.765814601407476
17.993856098716847
5.044394119358453
5.866184497030596
19.632947287264273
19.727395351144768
5.602821487554018
5.279458161790611
5.2437076279155495
4.013828346385518
5.159636935101171
4.623100467102739
4.727928166934704
2.13492958008611
6.681123102627879
5.742328693064316
7.145107301348332
7.467320314509302
6.785448467449921
4.445213701472401
4.788865321524506
5.954093271780908
5.020753187882512
6.934318721996199
5.2180982648808705
5.276066235761784
4.47569696699403
3.582189143853235
5.744092195977218
5.342769300203032
4.867165063173123
4.561657928697565
5.023623162435268
5.565196677492826
5.430318607595434
5.988572518372999
5.94551230959968
4.267658798576147
5.3872202880579065
4.281297363843101
5.14466703639777
5.614697226186695
21.220249007084927
5.169931680199516
5.138882395752226
7.901839350135506
4.676485724363859
21.2255540249696
4.1399656763537696
4.8229680603374865
4.699194506401367
6.761991457681632
6.634059992055394
7.9460024765461075
5.683379571810981
5.2889085214940215
5.035003915155135
4.49966342671337
5.0422728208914585
6.532434335484752
5.747289706725241
6.631709206414353
5.588716790201201
5.4740727981481445
4.699281605062666
4.7504435795309305
17.042685372253466
5.415037916709805
7.160775925890011
6.31465592933809
5.197983503701982
7.16115905875264
5.0
5.814464579454536
5.498936549495135
4.28366875198416
4.271490310771617
4.880423646433918
4.607062036929739
4.199776604463343
4.325779702250834
0.7371029806095873
1.765580003656799
17.223322989570406
4.643856189774724
15.489973363145552
4.362592261928435
3.7549008592759527
4.865021249654731
-0.0
4.754914205139562
1.7793172823391983
4.543396562852893
3.718780204369282
13.140350496662444
3.321952137600795
4.529994092279473
3.1699250014423126
5.0
3.5422602167954125
4.2410373524885285
1.0
5.806092071454828
2.6088557534942063
3.5129713976924686
5.282452563885003
4.375628370703296
1.9855808676316997
4.392331159918691
3.155315695886548
5.7828353368130285
2.700957006814049
4.281435008114668
3.0635883153602204
4.706451141750409
3.0054847869507753
4.431138755302179
1.1162890588596697
4.390916884214459
4.094727702895378
4.1905801480568625
3.2303578393832093
4.546750822946571
3.2816433527999704
4.523593302978497
2.0
4.643856189774724
1.5849625007211563
4.807354922057604
2.321928094887362
4.754887502163469
2.8073549220576046
4.857980995127573
0.002879631776185512
4.754887502163469
2.321928094887362
4.643856189774724
1.5849625007211563
4.807354922057604
2.0
5.357552004618084
1.5849625007211563
5.392317422778761
1.5849625007211563
5.426264754702098
-0.0
5.426264754702098
2.0
5.20945336562895
1.5849625007211563
5.392317422778761
1.0
5.285402218862249
4.211891867715484
14.137311390700903
5.032681664993989
4.417083095718783
6.367148644138702
4.657302807407605
5.191990028490617
1.5909582496920844
9.220222475405915
4.829288337849827
4.754887502163469
5.157526688446465
4.523577636132958
4.643862922223665
5.693418140240048
4.830603568601288
4.061804359537998
4.864189704859802
5.067749442389442
4.659881717472553
5.736946358745271
5.055302771561713
4.299302691763992
4.597293486953457
4.8880758936359054
4.8318101117704755
4.7441632487732095
4.296794379231921
7.272167721111909
5.198919122102746
6.861608921859174
4.724192890439166
4.759001988849427
5.0370919631933955
5.7030531007577485
5.821745986397095
4.487048262970125
8.378724350736672
0.6557998791874724
5.5259337557422015
4.934381172934518
4.459444108854609
4.731476571627929
4.4613189486022975
5.009629957855345
5.004505436764184
7.4848054939812085
20.58969777325323
19.539505308981575
5.424279001300647
5.197299149419652
4.668165433773599
5.893695019494086
5.7948783809876625
4.857992048991427
5.212573167280269
6.780423906575674
5.913500818872872
7.452606538861272
4.912223744172518
5.044394119358453
4.807354922057604
6.303406516503345
4.965619849163303
19.271930299806222
1.5849625007211563
6.802685932425431
4.7089166216741685
4.343175391143153
3.676247294285774
5.321928094887363
3.9068905956085187
5.413751469491285
4.0
4.970764279371612
17.165711777520567
1.5849625007211563
4.857964417856438
1.710522525215699
4.584974520725746
4.906890595608519
6.857439635100892
5.112009225950088
1.0
4.633391418274294
12.292033985206507
5.129283016944966
-0.0
4.099558857878893
2.0
4.325280102285243
1.5849625007211563
4.247927513443586
14.288217234175491
4.08746284125034
2.8073549220576046
4.169925001442313
2.584962500721156
4.170597294512241
2.584962500721156
4.247927513443586
13.87363635621433
3.6438735002803058
2.0000721185254062
13.28944257539477
3.481554429535437
4.1310785083164205
4.920186682944064
4.442931061877412
4.954196310386876
4.643856189774724
4.5597049462993535
4.299158410832714
4.978921999312909
6.148792734489101
5.20107990254499
4.7412715713012075
16.638308631712697
5.3583668004909955
17.2326176653378
4.999997903106775
6.064170922983646
5.062884651000934
4.187747048866904
5.410760465107262
3.8184382594157156
4.799998113658105
5.461404475836761
4.782697731121894
6.3859281120287985
17.375234624659807
4.8467088066819
4.463954911611044
5.363402199901736
20.182568937489663
6.92342403875498
4.288382867296445
4.517581320464463
-0.0
4.678078560323528
4.356261888379858
5.470321260549611
5.136753308291347
5.791969167225725
5.333511080382348
4.789603086296664
5.000006439668534
9.845588791440738
5.092070339404344
5.97995866757409
4.878259255919454
6.2027524563890655
5.20945336562895
5.20031692213305
5.9606181787311145
7.64221854359087
-0.0
6.078789374448481
4.144822292483037
6.739507783342786
5.810151362284774
5.723314291271781
1.5849625007211563
5.426264754702098
-0.0
5.459431618637297
17.21390161391628
3.985395130514008
2.0360267323253534
4.66873471829439
5.303589080666479
4.394635244587912
4.718427952951179
5.129283016944966
4.954196310386876
19.38160209343761
4.553604615844163
6.60479495052029
4.9914503741149945
5.382813050471258
5.102692298695086
6.140441170551954
4.577459197954111
8.214926895920273
8.190690817277854
5.254584760933215
4.678462083131868
5.372556726355929
2.321928094887362
5.586600420498243
5.079891340836059
4.311873842783009
5.392317422778761
4.771514482514586
5.3004979071338605
4.943432377775724
4.972702761686358
5.392317422778761
4.674733121012783
5.422517502443245
5.7637601464014585
1.0
5.385837241680369
4.865621786626485
5.354263449163012
4.648051716790604
5.459431618637297
15.610217437061447
4.321928094887363
5.506534420168581
4.714972448125354
4.596194998322233
5.590912954376024
19.31679858159893
3.924473818490321
7.553787127059069
5.174907899415722
8.039982524502385
6.645769309679297
4.886317757118251
4.109136940672514
4.667234773778243
6.061259239960136
18.652428373861966
5.50248165092117
5.4203831729428575
5.381280824991184
3.885740931939948
5.169925001442312
5.296922729179042
4.75144217982271
6.031781374334144
4.530752223986717
17.375531607310013
5.57956935451675
9.616783030747541
4.886618675350111
5.658208507016606
4.954196310386876
5.511085121000404
4.494182260603844
6.437708712918716
5.889568655351731
4.0179521860317955
4.926227189105527
4.964410409391698
5.010637063842334
6.139842457691764
1.05251703369957
9.954232650000979
4.842980339680345
7.5830123518078345
0.28025944400816594
19.928725102510093
4.285420712984552
4.577452429196211
4.643856189774724
4.599923994214571
4.807303409193055
10.983706192693043
4.129427207144563
4.277990271442264
4.082752387388447
4.821745888754203
4.392317422778761
21.400951337519704
1.5849625007211563
5.044394119358453
5.6816726055118885
5.061774853788211
4.6863622212052025
5.746791888899756
18.379475673983322
13.706747597297538
1.9260358646425249
4.952055578997618
3.564576031260638
4.906890595608519
19.366697866874453
12.843202238823178
6.417847176562146
24.39001803417119
24.729360547521722
4.392317422778761
14.824461584903702
4.392317422778761
2.544390092402034
4.754887502163469
1.5849625007211563
5.044394119358453
1.5849625007211563
5.08746284125034
1.5849625007211563
5.20945336562895
2.0
5.357552004618084
1.5849625007211563
5.247927513443585
1.0
5.169925001442312
-0.0
5.392317422778761
2.0
5.285402218862249
2.321928094887362
5.491853096329675
-0.0
5.754887502163469
1.0
5.857980995127572
4.496417999915571
6.217975058239553
4.7745423289626
3.9790798977790662
8.793081115525709
2.621882259392627
5.296147954076526
6.9422418431836554
4.744167058385004
4.1946938123490805
4.982100603684026
3.9791475562375505
5.991262606756789
18.9258702266493
4.8826590956969245
3.2249018284393935
5.1303727333828935
6.116492110913658
7.706227752589802
6.458596104665492
6.5928505026917295
5.247930044316571
5.139350672406409
5.247174093138539
5.922150954766335
6.435026242560373
5.933883062746165
5.283718130346522
5.496125547779564
5.136485516304835
5.127175091305029
6.111690804774886
5.426264754702098
5.285402218862249
5.523567182767929
5.169925001442312
3.6512655901324633
4.949378923768534
5.768123115858216
4.913750615212451
5.307428941542496
4.13828165106719
17.497430864763377
4.995172924623276
5.523545450023074
5.022377800383259
4.690879886871973
6.2674321063459715
21.42163906088522
4.5800386383064176
16.798737573571636
5.276127155214327
4.912911114054824
2.0
4.807354922057604
19.57871726883005
4.833573777522105
1.4245067611263467
4.90191068812434
4.261673785607842
4.765349757741993
16.908533355484085
5.339809434954363
4.5235765915315715
5.1292445471289305
5.283343688958407
3.590247686742634
4.958243441004137
4.790701600286932
7.049312470829361
4.832048414562325
4.482822716698024
5.186320145522906
6.4126965274714545
7.460213690307799
4.491236295178658
5.90686082682127
5.649586338579891
4.636783362726559
5.45707756889683
5.250884569591276
4.918866568676032
3.896196726321103
5.368429619728129
7.112839491179121
4.686506500549054
4.961110839840754
5.318630872421667
5.336272818007611
1.070454587927947
4.609801226448801
3.9842131942064354
5.46368197211033
4.479478237100351
4.685986086086974
4.944870061801657
4.390521118890064
4.181967164673041
5.249727004809482
5.087462841250341
4.724651974121715
6.041626415953895
4.92244011101938
5.191483860927135
20.543247102494732
20.760231831460725
4.732261663676166
20.38050968284225
5.044394119358453
5.169925001442312
7.011148113279545
4.8450095194963625
1.5849625007211563
5.129283016944966
5.405984194270921
5.0482159958427095
6.153538864216292
5.356671186010193
1.5849625007211563
5.121232271600444
4.547343885760577
16.798737573571636
4.956849150672012
22.71293751606707
3.0411331971052222
5.08746284125034
1.6104032128575365
5.247927513443585
2.0
5.247927513443585
2.0
5.247927513443585
-0.0
9.994353436858855
2.0
4.169925001442313
4.459453475058999
4.169925001442313
4.459431618637297
4.169925001442313
4.169925001442313
2.584962500721156
3.7867259636153046
4.392317422778761
4.392317422778761
4.247927513443586
4.247927513443586
3.700439718141093
4.247927513443586
2.0
3.0
2.584962500721156
2.0
3.0
2.8073549220576046
2.321928094887362
2.8073549220576046
2.8073549220576046
2.321928094887362
3.0
13.136670762341845
3.0
2.0
2.321928094887362
1.0
1.5851227734581859
13.136350341454156
1.5849625007211563
1.0
2.584962500721156
4.930687675123692
3.8600636859949424
5.380300836907245
4.664023073550797
4.762500324712811
3.569766397425207
5.2479102577913626
2.0
4.566479137923769
4.742970764250298
4.53249380879033
3.7970809559472487
3.8202252408908466
4.928583709360649
6.741217589262144
5.472440985273229
4.822349489340781
4.147929296018889
6.024805867077518
4.681825080821057
5.362750212814918
5.603905121589206
5.292110462578364
4.904045000451914
6.188250386872724
3.971406425528241
4.768192446497358
6.772904930309405
4.364853063220613
4.986802069905371
4.6057283413928065
4.747024242249273
5.5018106954488495
5.103097580903486
5.323723043342129
5.083219964297355
5.419249829974643
5.582078661192877
7.401942316324566
4.448494149202207
4.7512181892088545
4.459431618637297
4.7279340580278735
4.409389875398431
4.890733112586955
4.632720535587227
5.189735667330013
4.676664344425519
4.355723034393315
4.119236418111609
4.332287039771525
4.754887502163469
5.006412531103823
4.304581255997652
5.333883136518231
4.558005281678534
15.358891538515712
4.523561956057013
4.321928094887363
4.700441303474092
17.65944547020623
5.209411127459426
5.6385351310681555
4.2774577356008905
1.0614580397340267
4.761550955440818
4.298802651259235
4.352524341028674
15.135829505716172
4.459432347262877
3.455588431136517
4.841305449163106
4.295930575569838
4.814445358869116
3.907532506220263
4.848647992503286
7.741336207178276
4.710789032305414
2.321928094887362
4.954196310386876
7.31246262615931
4.010454872397491
4.265361545505427
4.415755827721998
3.9069146398961356
5.554588851677638
4.480640379282297
4.869700737387413
5.583357643756615
6.175446671346602
4.986793486692324
4.817631766012549
6.359793688385988
9.99295743971914
5.2886007674736755
5.008181896816223
4.910898479040446
20.207812704044894
4.752363880528875
6.150698903478982
15.693759179554528
4.769586424487914
6.400845678823336
18.550821923796608
4.263313784452074
6.483655943363052
4.392317422778761
5.247927513443585
4.252837380411772
14.874453107799111
4.999993989158862
4.734718721421925
4.335977185249908
5.084646933380896
19.512744320110055
2.1973493158036903
4.446318873495628
5.592445358101002
5.800148207427574
6.986202066943622
4.754887502163469
3.0
5.605348223124178
4.879147856168156
5.362387491672472
4.814699886446952
4.5591849861173595
4.640175466949732
4.690121517625793
4.924811761509432
4.990946150107542
-0.0
3.9200389137421654
4.182463050185759
3.79628665457831
6.863842031486008
3.789718531395032
4.695388372992681
5.526672835359111
4.694502602305567
2.0115876019787757
4.964451057844501
3.962280256164447
4.8141503131648165
4.81249759783366
5.273635282189293
13.666445938848941
5.063199988212569
5.556990741113868
4.310752917045399
7.529325952292249
4.690578471551769
3.1991718669053544
5.501413547809125
3.439030775843572
5.285402218862249
3.4209549522803715
4.797491125885633
2.7838199725581014
5.053289517951291
5.095898688775653
3.304935523854788
4.756533922111955
5.345363547903797
4.981851870656351
6.361634996838067
4.8639041009509665
12.289730740117824
5.393164460699991
-0.0
5.087468144603557
1.5849625007211563
4.700439718141093
3.71522615154059
8.850382010492511
5.276108408058994
4.179715571010349
4.267486887115866
3.8142286480462175
2.910664094281686
1.6945959428852617
4.068256395075824
-0.0
5.566767675292232
3.8073549220576046
1.8450313992158633
4.000000000000001
4.26410150289399
3.6703612720551173
16.115795535409614
4.163751189355433
6.496753634003524
3.7224764072066523
4.607046689658271
3.2279942549447083
5.046124246333737
1.6780959482267528
7.316770842032488
3.729865160129809
11.552188759550267
8.28866905480026
4.247931731609628
4.1090602009211015
4.0703968845433645
3.7979707959965787
3.5894977696659525
4.634139053024288
2.9105565420096644
4.284352345927675
3.321928094887362
4.6701337747707115
17.720718540108052
5.323518557515488
22.52731377241257
6.406249882048163
17.99924032463208
4.754887502163469
1.5849625007211563
4.643856189774724
1.0
4.587603672329987
2.321928094887362
4.700439718141093
2.584962500721156
4.643856189774724
2.584962500721156
4.754887502163469
2.321928094887362
10.56805185259271
2.0
4.857980995127573
1.5849625007211563
5.0
1.5849625007211563
4.857980995127573
2.321928094887362
4.857980995127573
1.5849625007211563
4.906890595608519
2.0
4.807354922057604
1.5849625007211563
5.0
2.0
5.643856189774724
1.5849625007211563
5.357552004618084
18.063921669990236
4.747181315081138
4.707991202902921
4.906890595608519
5.247927513443585
5.129283016944966
5.137505163093218
5.393665840754068
4.657727474142111
7.825476889294317
5.233935810262144
5.72625017341008
6.388830366150703
20.813663779609605
5.246481228866512
4.773855614309688
4.939705347812649
12.296055838079582
5.051037103365922
5.207289988149968
4.53305330532407
5.4594220996641525
19.975664675802133
4.419553385444693
4.8872500457823245
4.461058772472431
20.659300862405935
5.322677785304067
5.075783295209356
4.507813736250989
6.6490100403897126
5.832874195712548
6.6123719611211405
6.051006687457953
20.639126047976717
6.151647115828601
4.933824499507924
4.931229082534579
4.790084655757115
5.02681003649452
4.755648901010459
4.128719577035081
4.744897388614779
6.198130554452831
5.479762837499378
5.335710328357149
6.342272468796899
5.110228609875624
5.594929059737448
6.1683459259481115
4.870369921518134
9.261761825000244
5.206058861376481
4.770523366368325
4.451541149501308
10.967226258870074
4.083438392797318
4.341308288132824
4.580342827134459
18.669784726498186
4.654513648720711
5.087468144603557
4.960831411695375
4.726125556707424
4.857980995127573
16.010790326703635
5.169925001442312
8.703452738987643
22.51365001866758
16.074371465982146
5.0946293420565425
17.543394382395775
4.954196310386876
4.643856189774724
4.879737379416484
2.2068575882603167
16.258412193906192
3.603914215491703
4.536859807040907
1.1261139634771102
5.279902622941745
6.843630688640468
4.768885611303622
2.321928094887362
4.807354922057604
3.5849625007211565
14.550927110699359
2.8876500306544983
5.321928094887363
3.5109891270628824
5.53388747380571
16.977324649208498
4.861806228869508
6.521784274855246
4.871949413278103
11.565578136787659
2.321956945614601
5.129289885760196
8.541302446912912
4.899475793513918
5.135152881807438
5.051653663196015
4.943080163106787
6.636504103915448
6.6580900778895264
6.027093046800083
5.231768275520501
3.287403596990873
5.066085601779297
6.10379420950771
5.330479458362684
4.626519227331024
5.595801021420205
5.754847430084002
4.661890757766799
4.9341168793955825
7.507571129122115
5.107128572553401
4.788152769646298
6.013430458905525
4.95284675544956
20.29000534321263
4.912544562121632
6.120301086274463
4.9736219095187595
3.2352602590535495
5.248958346596117
4.983109291985478
4.257581042797897
4.708583950861047
4.73253893843965
5.488273520224698
4.513376636931123
4.61830375548497
-0.0
5.222392031008655
5.036098377099951
5.326165709934624
5.426248709157363
4.906920186773205
5.655084981671081
5.5533617813099125
7.562894859170722
20.38368741953855
5.114094017890052
16.931603193582777
4.760512240116233
5.314774381757593
4.727941841557787
3.871563003569133
5.169140845374118
5.118497194709307
5.445452549016157
19.924384847511003
5.220693180435622
15.872722969337937
5.186448943708217
12.298921741003603
14.96591953101671
16.458294459110284
5.25913534516484
4.672439483614261
4.964961467025536
6.593438339887852
5.204571479483128
1.0
5.20945336562895
8.184216145769996
22.848433829193066
2.321928094887362
5.08746284125034
1.0
5.247927513443585
2.584962500721156
5.285402218862249
2.321928094887362
5.357552004618084
4.0
5.426264754702098
5.309795659174378
4.321928094887363
18.43758547536742
5.069993478263412
18.17049724619209
5.554588851677638
3.362464178490186
5.373703803464738
19.567592207592476
7.468776194975554
5.038125944325821
5.818628251673984
4.190873420109647
6.587712696161362
4.654394243151454
4.405866224030382
6.181733536433175
5.888838474601479
7.8617176743909685
5.032204061221896
22.343278987171516
4.077082731549755
3.7527765021028068
5.333132285222667
4.906890595608519
5.247927513443585
19.56017234338029
4.703539019642601
3.89485261729177
6.308090010952305
4.075330043997638
5.182956280000387
5.199669891358907
8.48255513604267
4.040346146893507
7.9701567981808035
4.305833193987939
5.963080347220135
4.862853827925383
21.342475134295185
4.684715584131409
3.7473308341146168
2.0
18.32791660499559
6.172332192023791
18.88477270904307
4.45854202404578
3.5817665563758183
5.807324008378336
6.608493152124847
4.490582554860491
4.499881554592082
7.136476028519374
5.799259460123574
4.918319808133951
5.544965700176946
5.8201604507635105
4.030595487968182
6.48169981401029
5.392317422778761
20.523289150827217
4.756037537222574
2.2224038709336105
5.492647942721266
5.2254235832617715
4.763593505977199
7.637958544378707
5.020143850062606
5.321928094887363
5.667519429278548
5.247927513443585
4.694274213329408
5.285402218862249
-0.0
5.321928094887363
5.426071871503442
4.2479338405122835
7.445301053218675
4.83119918639603
6.60950063056053
9.47839486502199
4.848011332856174
4.4281395466477385
4.99277129434972
4.3923268984137644
6.693327837384455
4.6534461057119145
5.5589010985350855
4.329944501434668
4.954198637196142
13.968486805035036
4.841303651911451
5.254508315350599
20.15194310464236
5.465545617478316
19.695457705157327
4.837947133215414
5.5014727953504154
5.483807113224846
4.741311842695921
6.201556243577521
5.9174779144234115
4.932318932329724
5.3870973753106925
6.107249772641111
6.457505131892065
5.392317422778761
4.307429496638969
3.817055383677857
4.849670243829041
4.364956450848207
19.8772227136476
4.1293304166333336
5.169925001442312
4.628058464523245
8.718727550825635
5.169925001442312
13.429406741517333
5.043148277813526
4.854769576596699
5.154819849089381
8.218522390774206
4.8541543477167455
5.502380150997654
4.059845538352419
5.895280787705196
9.015998758396737e-05
3.794332457029717
4.622872385940082
4.321942766039092
4.999511837038597
4.748200503282272
4.82038706993453
5.415018245233639
4.946960834108647
6.236994179578726
5.5503466957150085
4.9578583101627105
5.495512334498089
5.228141317318949
5.580425604712434
4.738576104968755
5.720682380585663
5.002547087172009
2.145060223966565
4.596945276732861
5.455049572642759
5.132805853718091
9.750167356184152
5.271681947357478
4.731579980601769
19.593365589429705
2.773067350965119
4.430915612318631
12.96650545193984
20.24543084562687
0.00048065802238875276
4.669611743480553
6.383521454802655
4.250036200201343
3.55062576382374
4.2686771518759805
4.762879894402327
4.190917290358513
6.108480181617518
5.203867541035528
6.686348804721551
4.969216060638388
13.555427941494285
5.141607312016191
6.425870673090225
5.220054558175542
4.714780239134709
5.212058087928267
2.0
5.08746284125034
4.363165247896174
5.611712704176275
5.0000056348121475
4.896741461125309
4.90689059560852
3.9812706920819703
15.458630895407605
4.467614493191287
8.635966886988877
4.857984548305458
5.144656331371172
4.904494996077053
4.549503820833126
4.960480232696455
5.0390075132692385
8.688657296730673
4.83944712439119

